2025-03-04 15:41:30,00:04,5.22,N/A
2025-03-04 15:41:30,00:04,5.21,N/A
2025-03-04 15:41:30,00:04,5.14,N/A
2025-03-04 15:41:30,00:02,7.18,N/A
2025-03-04 15:41:30,00:04,5.15,N/A
2025-03-04 15:41:30,00:02,7.21,N/A
2025-03-04 15:41:30,00:04,5.03,N/A
2025-03-04 15:41:30,00:04,4.95,N/A
2025-03-04 15:41:30,00:02,7.18,N/A
2025-03-04 15:41:30,00:02,7.21,N/A
2025-03-04 15:41:30,00:02,7.23,N/A
2025-03-04 15:41:30,00:02,7.21,N/A
2025-03-04 15:41:30,00:02,7.17,N/A
