2025-02-24 16:03:50,00:04,1.18,N/A
2025-02-24 16:03:50,00:04,1.15,N/A
2025-02-24 16:03:50,00:03,1.4,N/A
2025-02-24 16:03:50,00:03,1.38,N/A
2025-02-24 16:03:50,00:03,5.84,N/A
2025-02-24 16:03:50,00:04,1.18,N/A
2025-02-24 16:03:50,00:04,1.18,N/A
2025-02-24 16:03:50,00:03,5.83,N/A
2025-02-24 16:03:50,00:04,1.19,N/A
2025-02-24 16:03:50,00:03,1.42,N/A
2025-02-24 16:03:50,00:03,1.41,N/A
2025-02-24 16:03:50,00:03,5.88,N/A
