2025-02-24 16:35:04,00:04,9.28,6.06
2025-02-24 16:35:04,00:04,9.3,6.06
2025-02-24 16:35:04,00:04,9.33,3.78
2025-02-24 16:35:04,00:04,9.28,3.78
2025-02-24 16:35:04,00:04,9.29,3.78
2025-02-24 16:35:04,00:04,9.31,3.78
2025-02-24 16:35:04,00:04,9.3,3.78
2025-02-24 16:35:04,00:04,9.3,3.78
2025-02-24 16:35:04,00:04,9.28,3.78
2025-02-24 16:35:04,00:04,9.31,3.78
2025-02-24 16:35:04,00:04,9.28,7.58
2025-02-24 16:35:04,00:04,9.32,7.58
