2025-02-25 16:17:32,00:03,3.82,9.41
2025-02-25 16:17:32,00:04,3.19,7.41
2025-02-25 16:17:32,00:03,3.82,7.41
2025-02-25 16:17:32,00:03,3.83,7.41
2025-02-25 16:17:32,00:04,3.17,7.41
2025-02-25 16:17:32,00:04,3.21,7.41
2025-02-25 16:17:32,00:03,3.87,7.41
2025-02-25 16:17:32,00:03,3.8,7.41
2025-02-25 16:17:32,00:04,3.21,7.41
2025-02-25 16:17:32,00:04,3.2,3.73
2025-02-25 16:17:32,00:03,3.72,3.73
2025-02-25 16:17:32,00:03,3.87,3.73
