2025-02-24 16:35:12,00:04,9.28,12.4
2025-02-24 16:35:12,00:04,9.28,7.55
2025-02-24 16:35:12,00:04,9.28,7.55
2025-02-24 16:35:12,00:04,9.29,7.55
2025-02-24 16:35:12,00:04,9.27,7.55
2025-02-24 16:35:12,00:04,9.31,7.55
2025-02-24 16:35:12,00:04,9.28,7.55
2025-02-24 16:35:12,00:04,9.35,7.55
2025-02-24 16:35:12,00:04,9.26,5.46
2025-02-24 16:35:12,00:04,9.29,5.46
2025-02-24 16:35:12,00:04,9.28,5.46
2025-02-24 16:35:12,00:04,9.29,5.46
