2025-02-24 17:20:32,00:02,6.71,N/A
2025-02-24 17:20:32,00:03,0.0,N/A
2025-02-24 17:20:32,00:02,6.73,N/A
2025-02-24 17:20:32,00:03,7.67,N/A
2025-02-24 17:20:32,00:03,0.95,N/A
2025-02-24 17:20:32,00:03,7.7,N/A
2025-02-24 17:20:32,00:04,1.29,N/A
2025-02-24 17:20:32,00:02,6.67,N/A
2025-02-24 17:20:32,00:03,0.97,N/A
2025-02-24 17:20:32,00:03,7.67,N/A
2025-02-24 17:20:32,00:04,1.33,N/A
2025-02-24 17:20:32,00:02,6.7,N/A
2025-02-24 17:20:32,00:03,0.95,N/A
