2025-02-24 17:15:41,02:02,1.13,N/A
2025-02-24 17:15:41,02:02,1.06,N/A
2025-02-24 17:15:41,02:02,1.08,N/A
2025-02-24 17:15:41,02:02,1.18,N/A
2025-02-24 17:15:41,02:02,1.1,N/A
2025-02-24 17:15:41,02:02,1.07,N/A
2025-02-24 17:15:41,02:02,1.07,N/A
2025-02-24 17:15:41,02:02,1.08,N/A
2025-02-24 17:15:41,02:02,1.06,N/A
2025-02-24 17:15:41,02:02,0.99,N/A
2025-02-24 17:15:41,02:02,1.03,N/A
2025-02-24 17:15:41,02:02,1.01,N/A
