2025-02-25 15:23:34,03:03,4.02,N/A
