2025-02-24 17:13:43,00:04,1.12,N/A
2025-02-24 17:13:43,00:04,1.14,N/A
2025-02-24 17:13:43,00:04,1.18,N/A
2025-02-24 17:13:43,00:04,1.2,N/A
2025-02-24 17:13:43,00:04,1.15,N/A
2025-02-24 17:13:43,00:04,1.18,N/A
2025-02-24 17:13:43,00:04,1.22,N/A
2025-02-24 17:13:43,00:04,1.14,N/A
2025-02-24 17:13:43,00:04,1.22,N/A
2025-02-24 17:13:43,00:04,1.26,N/A
2025-02-24 17:13:43,00:04,1.27,N/A
2025-02-24 17:13:43,00:04,1.31,N/A
