2025-02-24 18:08:36,02:02,6.52,7.63
2025-02-24 18:08:36,02:02,6.5,7.63
2025-02-24 18:08:36,02:02,6.49,7.63
2025-02-24 18:08:36,02:02,6.5,7.63
2025-02-24 18:08:36,02:02,6.45,7.63
2025-02-24 18:08:36,02:02,6.48,7.63
2025-02-24 18:08:36,02:02,6.44,7.63
2025-02-24 18:08:36,02:02,6.46,7.63
2025-02-24 18:08:36,02:02,6.49,7.63
2025-02-24 18:08:36,02:02,6.47,7.63
2025-02-24 18:08:36,02:02,6.5,7.63
2025-02-24 18:08:36,02:02,6.51,7.63
