2025-02-24 16:35:20,00:04,1.23,N/A
2025-02-24 16:35:20,00:04,1.18,N/A
2025-02-24 16:35:20,00:04,1.15,N/A
2025-02-24 16:35:20,00:04,1.17,N/A
2025-02-24 16:35:20,00:04,1.25,N/A
2025-02-24 16:35:20,00:04,1.2,N/A
2025-02-24 16:35:20,00:04,1.24,N/A
2025-02-24 16:35:20,00:04,1.19,N/A
2025-02-24 16:35:20,00:04,1.29,N/A
2025-02-24 16:35:20,00:04,1.15,N/A
2025-02-24 16:35:20,00:04,1.26,N/A
2025-02-24 16:35:20,00:04,1.13,N/A
2025-02-24 16:35:20,00:04,1.11,N/A
