2025-02-25 15:39:07,00:04,3.24,11.64
2025-02-25 15:39:07,00:04,3.22,4.68
2025-02-25 15:39:07,00:04,3.25,4.68
2025-02-25 15:39:07,00:04,3.27,1.88
2025-02-25 15:39:07,00:04,3.25,1.88
2025-02-25 15:39:07,00:04,3.26,1.88
2025-02-25 15:39:07,00:04,3.28,1.88
2025-02-25 15:39:07,00:04,3.26,1.88
2025-02-25 15:39:07,00:04,3.25,1.88
2025-02-25 15:39:07,00:04,3.24,1.88
2025-02-25 15:39:07,00:04,3.23,1.88
2025-02-25 15:39:07,00:04,3.26,1.88
2025-02-25 15:39:07,00:04,3.22,1.88
