2025-02-25 16:17:32,00:03,2.41,N/A
2025-02-25 16:17:32,00:04,0.82,N/A
2025-02-25 16:17:32,00:03,2.38,N/A
2025-02-25 16:17:32,00:03,2.36,N/A
2025-02-25 16:17:32,00:04,0.81,N/A
2025-02-25 16:17:32,00:04,0.84,N/A
2025-02-25 16:17:32,00:03,2.43,N/A
2025-02-25 16:17:32,00:03,2.39,N/A
2025-02-25 16:17:32,00:04,0.76,N/A
2025-02-25 16:17:32,00:04,0.77,N/A
2025-02-25 16:17:32,00:03,2.42,N/A
2025-02-25 16:17:32,00:03,2.4,N/A
2025-02-25 16:17:32,00:04,0.88,N/A
