2025-02-24 17:55:00,02:02,0.8,N/A
2025-02-24 17:55:00,02:02,0.88,N/A
2025-02-24 17:55:00,02:02,0.87,N/A
2025-02-24 17:55:00,02:02,0.87,N/A
2025-02-24 17:55:00,02:02,0.83,N/A
2025-02-24 17:55:00,02:02,0.81,N/A
2025-02-24 17:55:00,02:02,0.87,N/A
2025-02-24 17:55:00,02:02,0.85,N/A
2025-02-24 17:55:00,02:02,0.79,N/A
2025-02-24 17:55:00,02:02,0.82,N/A
2025-02-24 17:55:00,02:02,0.77,N/A
2025-02-24 17:55:00,02:02,0.76,N/A
2025-02-24 17:55:00,02:02,0.81,N/A
