2025-02-24 17:17:38,02:02,1.03,N/A
2025-02-24 17:17:38,02:02,1.02,N/A
2025-02-24 17:17:38,02:02,0.98,N/A
2025-02-24 17:17:38,02:02,1.0,N/A
2025-02-24 17:17:38,02:02,1.05,N/A
2025-02-24 17:17:38,02:02,1.05,N/A
2025-02-24 17:17:38,02:02,1.05,N/A
2025-02-24 17:17:38,02:02,0.98,N/A
2025-02-24 17:17:38,02:02,0.99,N/A
2025-02-24 17:17:38,02:02,1.1,N/A
2025-02-24 17:17:38,02:02,1.06,N/A
2025-02-24 17:17:38,02:02,1.04,N/A
2025-02-24 17:17:38,02:02,1.09,N/A
