2025-03-04 16:33:40,00:04,5.04,N/A
2025-03-04 16:33:40,00:04,4.98,N/A
2025-03-04 16:33:40,00:04,5.03,N/A
2025-03-04 16:33:40,00:04,5.09,N/A
2025-03-04 16:33:40,00:04,5.13,N/A
2025-03-04 16:33:40,00:04,5.07,N/A
2025-03-04 16:33:40,00:04,5.07,N/A
2025-03-04 16:33:40,00:04,5.0,N/A
2025-03-04 16:33:40,00:04,5.08,N/A
2025-03-04 16:33:40,00:04,4.98,N/A
2025-03-04 16:33:40,00:04,4.97,N/A
2025-03-04 16:33:40,00:04,4.97,N/A
