2025-03-04 16:25:42,00:04,5.23,N/A
2025-03-04 16:25:42,00:04,5.24,N/A
2025-03-04 16:25:42,00:04,5.32,N/A
2025-03-04 16:25:42,00:04,5.35,N/A
2025-03-04 16:25:42,00:04,5.33,N/A
2025-03-04 16:25:42,00:04,5.36,N/A
2025-03-04 16:25:42,00:04,5.16,N/A
2025-03-04 16:25:42,00:04,5.33,N/A
2025-03-04 16:25:42,00:04,5.2,N/A
2025-03-04 16:25:42,00:04,5.31,N/A
2025-03-04 16:25:42,00:04,5.25,N/A
2025-03-04 16:25:42,00:04,5.23,N/A
