2025-03-04 17:22:46,00:04,6.91,2.71
2025-03-04 17:22:46,00:04,6.89,2.71
2025-03-04 17:22:46,00:04,6.82,1.95
2025-03-04 17:22:46,00:04,6.87,1.95
2025-03-04 17:22:46,00:04,6.78,1.95
2025-03-04 17:22:46,00:04,6.8,1.95
2025-03-04 17:22:46,00:04,6.82,1.95
2025-03-04 17:22:46,00:04,6.78,1.95
2025-03-04 17:22:46,00:04,6.8,5.72
2025-03-04 17:22:46,00:04,6.74,5.72
2025-03-04 17:22:46,00:04,6.78,5.72
2025-03-04 17:22:46,00:04,6.96,5.72
2025-03-04 17:22:46,00:04,6.94,5.72
