2025-03-04 15:15:59,00:04,5.3,N/A
2025-03-04 15:15:59,00:04,5.32,N/A
2025-03-04 15:15:59,00:04,5.21,N/A
2025-03-04 15:15:59,00:04,5.42,N/A
2025-03-04 15:15:59,00:04,5.36,N/A
2025-03-04 15:15:59,00:04,5.33,N/A
2025-03-04 15:15:59,00:04,5.45,N/A
2025-03-04 15:15:59,00:04,5.39,N/A
2025-03-04 15:15:59,00:04,0.0,N/A
2025-03-04 15:15:59,00:04,5.22,N/A
2025-03-04 15:15:59,00:04,5.32,N/A
2025-03-04 15:15:59,00:04,5.36,N/A
