2025-03-04 13:21:55,00:04,4.96,N/A
2025-03-04 13:21:55,00:04,5.11,N/A
2025-03-04 13:21:55,00:04,5.13,N/A
2025-03-04 13:21:55,00:04,5.17,N/A
2025-03-04 13:21:55,00:04,5.06,N/A
2025-03-04 13:21:55,00:04,4.99,N/A
2025-03-04 13:21:55,00:04,5.2,N/A
2025-03-04 13:21:55,00:04,5.02,N/A
2025-03-04 13:21:55,00:04,5.04,N/A
2025-03-04 13:21:55,00:04,5.14,N/A
2025-03-04 13:21:55,00:04,5.09,N/A
2025-03-04 13:21:55,00:04,4.99,N/A
2025-03-04 13:21:55,00:04,5.01,N/A
