2025-03-04 17:33:29,00:04,7.02,0.0
2025-03-04 17:33:29,00:03,12.88,2.0
2025-03-04 17:33:29,00:04,7.07,2.0
2025-03-04 17:33:29,00:04,7.11,2.0
2025-03-04 17:33:29,00:03,12.93,2.0
2025-03-04 17:33:29,00:04,7.18,2.0
2025-03-04 17:33:29,00:03,12.87,2.0
2025-03-04 17:33:29,00:03,12.92,2.0
2025-03-04 17:33:29,00:04,7.03,2.0
2025-03-04 17:33:29,00:03,12.87,2.0
2025-03-04 17:33:29,00:04,6.88,4.9
2025-03-04 17:33:29,00:03,12.91,4.9
2025-03-04 17:33:29,00:04,7.1,4.9
