2025-03-04 17:17:46,00:04,6.93,2.84
2025-03-04 17:17:46,00:04,7.01,0.97
2025-03-04 17:17:46,00:04,6.86,0.97
2025-03-04 17:17:46,00:04,6.99,0.97
2025-03-04 17:17:46,00:04,6.94,0.97
2025-03-04 17:17:46,00:04,6.89,0.97
2025-03-04 17:17:46,00:04,6.9,0.97
2025-03-04 17:17:46,00:03,12.94,0.97
2025-03-04 17:17:46,00:04,6.86,0.97
2025-03-04 17:17:46,00:04,6.74,0.97
2025-03-04 17:17:46,00:04,6.94,0.97
2025-03-04 17:17:46,00:04,6.88,0.97
