2025-03-04 14:46:25,00:04,5.48,6.02
2025-03-04 14:46:25,00:04,5.76,6.02
2025-03-04 14:46:25,00:04,5.74,2.11
2025-03-04 14:46:25,00:04,5.75,2.11
2025-03-04 14:46:25,00:04,5.76,2.11
2025-03-04 14:46:25,00:04,5.7,2.11
2025-03-04 14:46:25,00:04,5.62,2.11
2025-03-04 14:46:25,00:04,5.62,2.11
2025-03-04 14:46:25,00:04,5.61,2.11
2025-03-04 14:46:25,00:04,5.64,2.11
2025-03-04 14:46:25,00:04,5.73,2.11
2025-03-04 14:46:25,00:04,5.49,2.11
2025-03-04 14:46:25,00:04,5.51,9.97
