2025-03-04 15:18:47,00:04,7.46,0.0
2025-03-04 15:18:47,00:04,7.5,0.0
2025-03-04 15:18:47,00:04,7.62,0.0
2025-03-04 15:18:47,00:04,7.47,0.0
2025-03-04 15:18:47,00:04,7.68,0.0
2025-03-04 15:18:47,00:04,7.62,0.0
2025-03-04 15:18:47,00:04,7.54,0.0
2025-03-04 15:18:47,00:04,7.65,0.0
2025-03-04 15:18:47,00:04,7.64,0.0
2025-03-04 15:18:47,00:04,7.69,0.0
2025-03-04 15:18:47,00:04,7.51,0.0
2025-03-04 15:18:47,00:04,7.71,0.0
