2025-03-04 14:46:27,00:04,5.75,9.97
2025-03-04 14:46:27,00:04,5.54,9.97
2025-03-04 14:46:27,00:04,5.67,9.97
2025-03-04 14:46:27,00:04,5.59,9.97
2025-03-04 14:46:27,00:04,5.74,9.97
2025-03-04 14:46:27,00:04,5.65,9.97
2025-03-04 14:46:27,00:04,5.73,9.97
2025-03-04 14:46:27,00:04,5.76,9.97
2025-03-04 14:46:27,00:04,5.76,9.97
2025-03-04 14:46:27,00:04,5.69,9.97
2025-03-04 14:46:27,00:04,5.75,9.97
2025-03-04 14:46:27,00:04,5.63,11.85
2025-03-04 14:46:27,00:04,5.65,11.85
