2025-03-04 16:25:46,00:04,5.14,N/A
2025-03-04 16:25:46,00:04,5.18,N/A
2025-03-04 16:25:46,00:04,5.15,N/A
2025-03-04 16:25:46,00:04,5.15,N/A
2025-03-04 16:25:46,00:04,5.36,N/A
2025-03-04 16:25:46,00:04,5.08,N/A
2025-03-04 16:25:46,00:04,5.07,N/A
2025-03-04 16:25:46,00:04,5.29,N/A
2025-03-04 16:25:46,00:04,5.18,N/A
2025-03-04 16:25:46,00:04,5.19,N/A
2025-03-04 16:25:46,00:04,5.18,N/A
2025-03-04 16:25:46,00:04,5.3,N/A
