2025-03-04 14:46:25,00:04,8.58,5.4
2025-03-04 14:46:25,00:04,8.67,5.4
2025-03-04 14:46:25,00:04,8.81,2.11
2025-03-04 14:46:25,00:04,8.53,2.11
2025-03-04 14:46:25,00:04,8.81,2.11
2025-03-04 14:46:25,00:04,8.79,2.11
2025-03-04 14:46:25,00:04,8.79,2.11
2025-03-04 14:46:25,00:04,8.65,2.11
2025-03-04 14:46:25,00:04,8.79,2.11
2025-03-04 14:46:25,00:04,8.73,2.11
2025-03-04 14:46:25,00:04,8.64,2.11
2025-03-04 14:46:25,00:04,8.61,2.11
2025-03-04 14:46:25,00:04,8.74,9.97
