2025-03-04 17:22:46,00:04,7.07,2.71
2025-03-04 17:22:46,00:04,7.07,2.71
2025-03-04 17:22:46,00:04,7.07,1.95
2025-03-04 17:22:46,00:04,6.98,1.95
2025-03-04 17:22:46,00:04,6.99,1.95
2025-03-04 17:22:46,00:04,6.97,1.95
2025-03-04 17:22:46,00:04,7.11,1.95
2025-03-04 17:22:46,00:04,6.91,1.95
2025-03-04 17:22:46,00:04,6.95,5.72
2025-03-04 17:22:46,00:04,6.87,5.72
2025-03-04 17:22:46,00:04,7.05,5.72
2025-03-04 17:22:46,00:04,6.95,5.72
2025-03-04 17:22:46,00:04,6.98,5.72
