2025-03-04 17:18:44,00:04,6.84,4.1
2025-03-04 17:18:44,00:04,6.81,1.77
2025-03-04 17:18:44,00:04,6.79,1.77
2025-03-04 17:18:44,00:04,6.74,1.77
2025-03-04 17:18:44,00:04,6.71,1.77
2025-03-04 17:18:44,00:04,6.9,1.77
2025-03-04 17:18:44,00:04,6.87,1.77
2025-03-04 17:18:44,00:04,6.79,1.77
2025-03-04 17:18:44,00:04,6.76,1.77
2025-03-04 17:18:44,00:04,6.8,1.77
2025-03-04 17:18:44,00:04,6.69,8.44
2025-03-04 17:18:44,00:04,6.79,8.44
2025-03-04 17:18:44,00:04,6.77,8.44
