2025-03-04 17:22:38,00:04,7.1,1.82
2025-03-04 17:22:38,00:04,7.1,1.82
2025-03-04 17:22:38,00:04,7.11,2.11
2025-03-04 17:22:38,00:04,6.84,2.11
2025-03-04 17:22:38,00:04,6.97,2.11
2025-03-04 17:22:38,00:04,6.9,2.11
2025-03-04 17:22:38,00:04,6.99,2.11
2025-03-04 17:22:38,00:04,7.13,2.11
2025-03-04 17:22:38,00:04,7.05,2.11
2025-03-04 17:22:38,00:03,12.91,2.11
2025-03-04 17:22:38,00:04,7.07,2.11
2025-03-04 17:22:38,00:03,12.9,1.0
