2025-03-04 16:25:46,00:04,7.77,1.87
2025-03-04 16:25:46,00:04,7.59,1.87
2025-03-04 16:25:46,00:04,7.55,1.87
2025-03-04 16:25:46,00:04,7.78,1.87
2025-03-04 16:25:46,00:04,7.55,1.87
2025-03-04 16:25:46,00:04,7.69,1.87
2025-03-04 16:25:46,00:04,7.66,1.87
2025-03-04 16:25:46,00:04,7.66,1.87
2025-03-04 16:25:46,00:04,7.77,1.87
2025-03-04 16:25:46,00:04,7.81,9.93
2025-03-04 16:25:46,00:04,7.66,9.93
2025-03-04 16:25:46,00:04,7.67,9.93
