2025-03-04 16:40:23,00:04,8.69,0.0
2025-03-04 16:40:23,00:04,8.7,0.0
2025-03-04 16:40:23,00:04,8.8,0.0
2025-03-04 16:40:23,00:04,8.74,0.94
2025-03-04 16:40:23,00:04,8.84,0.94
2025-03-04 16:40:23,00:04,8.84,0.94
2025-03-04 16:40:23,00:04,8.69,0.94
2025-03-04 16:40:23,00:04,8.81,0.94
2025-03-04 16:40:23,00:04,8.68,0.94
2025-03-04 16:40:23,00:03,12.59,0.94
2025-03-04 16:40:23,00:04,8.81,0.94
2025-03-04 16:40:23,00:04,8.8,0.94
2025-03-04 16:40:23,00:04,8.65,1.0
